0
1
2
2
2
5
1
2
7
3
6
11
9
5
12
12
5
1
8
11
1
15
18
5
1
14
12
24
12
13
16
20
8
11
32
34
14
8
1
33
7
20
3
13
43
42
26
12
30
17
18
42
9
33
1
47
25
35
21
5
43
48
60
30
44
60
39
13
1
-19
23
69
36
-19
42
0
64
12
14
-38
58
29
62
-19
61
79
72
-76
81
9
31
55
79
-76
15
53
90
55
51
13
20
13
10
4
51
51
88
66
23
44
50
31
90
87
50
-38
36
86
43
10
109
103
49
63
105
83
24
12
92
20
-114
106
86
10
89
55
35
89
106
12
33
33
33
24
78
99
72
127
137
49
16
88
58
68
50
84
58
87
53
142
25
13
127
147
-76
102
135
131
160
156
65
127
110
134
64
159
140
73
66
3
60
178
96
98
-152
-38
131
8
71
176
107
20
28
128
106
159
189
-38
30
101
159
174
35
50
175
118
80
166
15
109
53
105
75
210
140
59
130
43
199
66
87
36
135
1
1
81
56
192
32
164
159
89
164
7
115
37
102
17
-209
139
23
226
224
26
52
37
158
169
193
137
210
156
189
-209
201
17
62
12
226
89
233
29
160
153
176
251
52
94
106
192
44
179
150
159
89
166
20
276
97
28
37
149
151
224
32
24
265
270
241
284
282
175
24
207
155
268
65
142
24
139
260
11
90
217
61
268
267
-114
174
109
231
45
273
219
177
55
72
-38
179
241
241
283
184
103
110
165
62
129
121
246
175
143
324
137
90
201
168
49
287
1
147
92
-152
122
71
269
248
22
300
343
211
316
239
305
331
77
176
112
334
130
106
258
54
182
27
1
169
278
198
88
65
49
364
43
3
290
219
261
158
352
-380
44
124
-323
217
347
53
151
277
117
22
37
47
103
366
138
99
36
336
255
192
339
124
78
147
121
310
212
231
282
359
-133
64
3
126
12
65
392
387
105
5
392
363
207
416
66
232
257
328
224
227
283
239
250
91
236
276
-228
212
411
8
280
69
15
331
377
322
33
231
243
-171
-19
113
-19
309
99
237
149
406
410
96
268
81
404
241
464
111
440
446
357
372
165
12
109
255
419
234
-19
61
448
240
30
289
29
331
110
458
301
128
382
83
174
218
78
376
449
112
400
40
122
22
132
246
374
287
474
183
318
2
331
220
61
512
-247
64
264
131
441
24
229
402
79
188
83
451
43
31
135
106
219
291
122
124
440
332
15
278
12
1
507
362
203
65
485
67
28
191
232
237
423
252
116
170
37
330
277
25
45
77
488
261
125
453
405
243
7
509
430
54
310
210
346
67
307
567
499
172
287
578
49
-570
314
439
485
368
-171
549
240
140
156
88
583
288
129
253
294
535
248
358
98
32
167
525
434
558
192
445
107
237
485
295
312
34
462
485
98
144
477
404
354
421
-513
271
184
126
211
223
120
263
276
105
466
144
-570
123
193
553
180
124
374
47
533
166
271
-399
607
53
175
504
411
579
582
81
271
40
146
-532
139
539
23
265
424
6
648
334
204
571
24
164
116
186
587
499
664
25
-437
581
639
422
541
53
434
653
516
282
197
557
252
-190
107
111
154
123
691
334
240
279
145
692
559
87
424
536
205
58
647
478
496
330
689
525
554
56
699
35
352
172
42
137
496
282
503
366
497
315
493
515
90
-361
59
70
160
105
73
421
275
635
216
689
345
138
401
69
468
459
28
6
106
355
267
94
249
322
357
711
588
736
128
576
636
507
630
214
149
560
578
15
-247
100
423
568
268
537
5
-380
108
170
160
-190
520
254
509
693
720
153
261
-247
619
554
149
423
714
530
744
275
146
504
276
138
384
52
613
305
748
96
209
9
660
471
59
105
316
458
452
713
531
98
51
84
271
773
473
408
308
711
392
535
546
56
238
390
-228
544
5
670
12
160
621
226
92
469
279
25
-589
132
499
823
9
564
214
348
702
671
205
224
821
122
841
445
327
581
359
626
33
104
534
810
405
604
60
590
535
280
834
543
-665
488
21
727
879
508
130
581
202
126
166
593
210
521
606
624
393
780
160
711
-760
-665
870
746
-304
676
644
560
597
815
-19
138
697
93
87
656
723
232
224
202
512
343
775
643
675
730
203
-95
863
801
384
705
89
676
377
660
546
511
508
542
52
98
426
732
529
311
390
270
-171
381
507
346
815
142
253
920
136
115
79
529
519
359
287
324
268
801
926
799
602
768
635
123
908
42
167
924
803
71
675
641
392
588
210
692
388
44
334
691
173
-513
845
287
771
567
272
172
-760
-456
669
496
43
883
901
34
497
