219
225
193
203
225
210
179
204
195
221
223
201
191
210
182
212
171
212
207
212
198
210
187
207
198
205
203
194
206
224
206
200
182
165
189
182
192
195
189
203
190
200
186
187
195
202
206
214
211
211
209
215
173
209
202
196
172
200
179
209
219
218
198
221
195
184
194
218
194
187
173
204
188
195
181
215
191
191
177
209
218
184
196
195
170
199
194
198
191
205
195
214
192
194
203
185
221
210
217
188
186
188
206
205
183
194
190
195
185
204
196
172
234
210
204
231
200
193
211
185
240
226
206
197
200
213
152
184
209
218
188
186
170
184
199
195
180
200
186
186
206
194
189
204
204
189
187
212
202
157
204
194
214
179
187
201
199
203
225
204
208
191
211
190
200
222
184
211
190
184
213
192
185
207
203
204
195
201
169
243
216
175
208
194
185
208
200
222
195
200
192
211
198
210
226
192
178
215
192
204
208
223
211
225
233
215
216
190
185
191
184
197
220
207
199
218
187
192
196
215
186
198
220
216
200
195
191
229
218
206
224
202
210
201
187
207
210
216
219
167
226
213
196
221
202
231
212
204
188
190
173
197
184
201
193
221
195
218
200
195
192
208
201
204
204
211
191
203
201
220
200
205
217
189
199
199
207
197
209
191
201
196
190
211
219
193
228
190
199
194
182
197
204
192
206
193
209
190
180
196
185
216
196
209
214
207
198
179
174
216
208
200
188
215
212
221
211
185
209
186
198
207
216
192
207
191
205
203
217
235
212
216
209
199
206
193
201
213
229
214
203
201
162
213
201
187
210
167
167
233
191
208
194
202
196
193
207
202
182
193
206
205
209
209
186
192
213
197
197
194
178
207
217
175
193
225
229
210
198
201
214
227
213
208
200
214
195
214
205
182
181
187
209
209
186
205
183
206
182
177
244
225
221
224
199
193
192
174
191
224
205
199
221
176
197
187
211
181
218
214
205
201
206
217
179
194
177
205
204
202
213
196
200
219
211
179
218
221
203
207
216
183
201
190
190
220
187
217
180
211
163
215
214